4 , 4
32 , 32
34 , 34
45 , 45
47 , 47
49 , 49
51 , 51
53 , 53
55 , 55
56 , 56
57 , 57
58 , 58
59 , 59
60 , 60
61 , 61
62 , 62
70 , 59
71 , 59
73 , 58
74 , 58
76 , 58
77 , 58
78 , 58
80 , 58
81 , 58
83 , 58
90 , 90
92 , 92
94 , 94
96 , 96
98 , 98
99 , 99
100 , 100
101 , 101
102 , 102
103 , 103
107 , 102
109 , 102
110 , 102
111 , 102
115 , 102
116 , 102
126 , 101
128 , 101
130 , 101
132 , 101
134 , 101
135 , 101
136 , 101
137 , 101
138 , 101
139 , 101
141 , 101
143 , 101
144 , 101
146 , 101
147 , 101
148 , 101
150 , 101
152 , 101
153 , 101
154 , 101
156 , 156
158 , 158
160 , 160
162 , 162
164 , 164
165 , 165
166 , 166
167 , 167
168 , 168
169 , 169
171 , 165
172 , 165
176 , 169
177 , 169
179 , 166
181 , 166
184 , 166
186 , 165
188 , 165
196 , 166
198 , 166
200 , 166
201 , 166
203 , 166
204 , 166
260 , 260
262 , 262
264 , 264
266 , 266
268 , 268
269 , 269
270 , 270
271 , 271
272 , 272
274 , 270
276 , 270
277 , 270
278 , 270
279 , 279
283 , 270
284 , 270
286 , 270
289 , 270
291 , 270
294 , 294
311 , 311
316 , 316
318 , 316
319 , 316
321 , 321
323 , 323
324 , 324
326 , 326
328 , 328
330 , 330
331 , 331
335 , 335
336 , 336
342 , 324
345 , 345
349 , 331
351 , 324
353 , 324
362 , 345
363 , 345
364 , 345
365 , 345
366 , 345
367 , 345
368 , 345
369 , 345
370 , 324
371 , 324
373 , 331
374 , 345
375 , 345
376 , 345
377 , 345
378 , 345
379 , 345
380 , 345
381 , 345
384 , 331
386 , 335
388 , 335
390 , 335
391 , 335
393 , 335
394 , 335
396 , 396
398 , 398
400 , 400
402 , 402
404 , 404
405 , 405
406 , 406
407 , 407
408 , 408
412 , 405
413 , 413
414 , 405
416 , 405
417 , 405
419 , 407
420 , 407
423 , 407
424 , 407
428 , 405
431 , 405
435 , 405
453 , 453
455 , 455
457 , 457
461 , 461
463 , 463
464 , 464
465 , 465
466 , 466
467 , 467
468 , 468
470 , 465
472 , 465
475 , 465
477 , 465
478 , 465
480 , 465
481 , 465
483 , 465
484 , 465
486 , 465
488 , 465
490 , 465
492 , 465
494 , 465
496 , 465
498 , 465
500 , 465
501 , 465
502 , 465
503 , 465
505 , 465
507 , 465
508 , 465
509 , 465
511 , 465
513 , 465
514 , 465
516 , 516
518 , 518
520 , 520
522 , 522
523 , 523
525 , 525
526 , 526
527 , 527
528 , 528
534 , 523
535 , 523
536 , 523
537 , 523
538 , 523
542 , 523
543 , 523
544 , 523
545 , 523
546 , 523
547 , 523
548 , 548
549 , 523
550 , 523
551 , 523
552 , 523
553 , 523
555 , 523
556 , 523
557 , 523
562 , 523
563 , 523
564 , 523
565 , 523
566 , 523
567 , 523
568 , 523
569 , 523
582 , 523
583 , 523
584 , 523
585 , 523
586 , 523
587 , 523
588 , 523
589 , 523
591 , 523
592 , 523
593 , 523
602 , 523
603 , 523
604 , 523
605 , 523
606 , 523
607 , 523
608 , 523
609 , 523
610 , 523
611 , 523
612 , 523
613 , 523
614 , 523
615 , 523
616 , 523
617 , 523
624 , 523
628 , 523
629 , 523
630 , 523
631 , 523
633 , 523
635 , 635
637 , 637
639 , 639
641 , 641
643 , 643
644 , 644
645 , 645
646 , 646
647 , 647
648 , 648
650 , 646
651 , 646
653 , 653
654 , 654
656 , 656
658 , 658
660 , 660
662 , 662
663 , 663
665 , 654
668 , 668
669 , 669
673 , 654
674 , 674
678 , 663
679 , 663
681 , 663
684 , 654
685 , 654
687 , 654
689 , 668
690 , 668
692 , 654
698 , 654
700 , 654
701 , 654
704 , 668
705 , 654
706 , 654
707 , 668
709 , 668
710 , 668
713 , 713
715 , 668
719 , 663
720 , 668
722 , 668
723 , 723
724 , 663
725 , 668
727 , 727
729 , 729
731 , 731
733 , 733
734 , 734
735 , 735
736 , 736
737 , 737
739 , 735
741 , 737
742 , 737
744 , 734
746 , 734
747 , 734
755 , 735
757 , 735
759 , 735
760 , 735
761 , 735
763 , 735
764 , 735
799 , 799
824 , 824
826 , 826
837 , 837
839 , 839
841 , 841
842 , 842
843 , 843
844 , 844
845 , 845
847 , 842
851 , 844
852 , 844
854 , 843
856 , 856
857 , 857
858 , 843
860 , 843
861 , 843
863 , 863
865 , 865
866 , 866
868 , 868
870 , 870
871 , 871
872 , 872
876 , 866
877 , 866
879 , 857
881 , 857
883 , 857
885 , 857
887 , 857
889 , 857
891 , 857
892 , 892
893 , 857
894 , 857
896 , 857
898 , 857
900 , 857
902 , 857
906 , 892
907 , 892
911 , 866
912 , 866
914 , 857
916 , 857
918 , 857
921 , 857
922 , 857
924 , 857
926 , 857
928 , 857
929 , 857
930 , 857
936 , 936
938 , 866
939 , 939
940 , 866
942 , 942
944 , 944
946 , 946
948 , 948
949 , 949
951 , 951
953 , 949
954 , 949
958 , 949
961 , 961
965 , 939
967 , 939
968 , 939
969 , 939
974 , 949
975 , 949
976 , 949
977 , 949
978 , 949
979 , 949
980 , 949
981 , 949
985 , 961
998 , 961
1000 , 1000
1007 , 1007
1009 , 951
1011 , 951
1013 , 951
1014 , 951
1015 , 951
1017 , 951
1019 , 951
1021 , 1021
1023 , 1023
1025 , 1025
1027 , 1027
1028 , 1028
1029 , 1029
1030 , 1030
1031 , 1031
1034 , 1029
1035 , 1029
1036 , 1029
1038 , 1007
1056 , 1031
1057 , 1031
1059 , 1031
1060 , 1031
1062 , 1062
1063 , 1063
1065 , 1065
1069 , 1069
1070 , 1070
1072 , 1072
1074 , 1074
1075 , 1075
1076 , 1076
1077 , 1077
1084 , 1075
1085 , 1075
1086 , 1075
1087 , 1075
1088 , 1075
1089 , 1075
1094 , 1075
1095 , 1075
1096 , 1075
1097 , 1075
1098 , 1075
1099 , 1075
1101 , 1075
1102 , 1075
1106 , 1076
1107 , 1076
1109 , 1063
1111 , 1063
1112 , 1075
1113 , 1075
1114 , 1075
1115 , 1075
1116 , 1075
1118 , 1118
1119 , 1075
1120 , 1075
1121 , 1075
1123 , 1123
1125 , 1125
1127 , 1127
1129 , 1129
1130 , 1130
1131 , 1131
1132 , 1132
1133 , 1133
1134 , 1134
1136 , 1131
1138 , 1131
1141 , 1130
1142 , 1130
1143 , 1131
1144 , 1130
1145 , 1130
1147 , 1130
1148 , 1130
1150 , 1150
1151 , 1151
1155 , 1134
1157 , 1134
1158 , 1134
1159 , 1134
1161 , 1134
1163 , 1163
1165 , 1165
1167 , 1167
1169 , 1169
1170 , 1170
1171 , 1171
1173 , 1171
1174 , 1174
1176 , 1151
1177 , 1171
1178 , 1178
1179 , 1151
1181 , 1151
1182 , 1151
1184 , 1170
1186 , 1170
1189 , 1189
1191 , 1191
1192 , 1192
1194 , 1194
1196 , 1196
1198 , 1198
1199 , 1199
1201 , 1201
1202 , 1202
1204 , 1201
1205 , 1201
1209 , 1209
1210 , 1210
1212 , 1201
1214 , 1214
1216 , 1216
1218 , 1218
1220 , 1220
1221 , 1221
1222 , 1222
1223 , 1223
1224 , 1224
1226 , 1226
1228 , 1228
1230 , 1230
1232 , 1232
1233 , 1233
1235 , 1235
1236 , 1236
1237 , 1237
1238 , 1238
1239 , 1239
1241 , 1241
1242 , 1242
1244 , 1244
1246 , 1246
1248 , 1248
1250 , 1250
1251 , 1251
1252 , 1252
1253 , 1253
1254 , 1254
1264 , 1242
1266 , 1266
1268 , 1253
1272 , 1251
1273 , 1273
1275 , 1251
1277 , 1277
1278 , 1278
1280 , 1280
1282 , 1282
1284 , 1284
1285 , 1285
1286 , 1286
1288 , 1273
1290 , 1273
1291 , 1273
1292 , 1292
1300 , 1273
1302 , 1273
1304 , 1304
1305 , 1305
1307 , 1307
1308 , 1308
1310 , 1310
1312 , 1312
1314 , 1314
1315 , 1315
1316 , 1316
1317 , 1317
1319 , 1319
1320 , 1320
1322 , 1322
1323 , 1323
1325 , 1325
1327 , 1327
1329 , 1329
1332 , 1320
1333 , 1320
1334 , 1320
1335 , 1320
1336 , 1336
1338 , 1320
1340 , 1320
1341 , 1320
1343 , 1320
1344 , 1344
1346 , 1346
1347 , 1347
1349 , 1349
1350 , 1350
1352 , 1336
1354 , 1354
1356 , 1356
1358 , 1358
1359 , 1359
1360 , 1360
1361 , 1361
1363 , 1363
1365 , 1365
1367 , 1359
1368 , 1368
1369 , 1359
1371 , 1361
1373 , 1359
1375 , 1359
1376 , 1359
1378 , 1359
1379 , 1379
1381 , 1381
1383 , 1383
1385 , 1385
1386 , 1386
1390 , 1379
1396 , 1379
1397 , 1397
1399 , 1379
1400 , 1400
1401 , 1379
1403 , 1379
1405 , 1379
1407 , 1379
1408 , 1379
1409 , 1379
1411 , 1411
1416 , 1416
1417 , 1417
1418 , 1418
1426 , 1426
1428 , 1428
1430 , 1430
1431 , 1431
1432 , 1432
1433 , 1433
1437 , 1418
1439 , 1439
1440 , 1440
1442 , 1442
1443 , 1443
1447 , 1447
1449 , 1449
1451 , 1433
1453 , 1453
1454 , 1454
1456 , 1454
1457 , 1457
1458 , 1458
1460 , 1460
1462 , 1462
1463 , 1463
1465 , 1458
1466 , 1458
1467 , 1467
1469 , 1469
1471 , 1471
1473 , 1473
1474 , 1474
1475 , 1475
1476 , 1476
1478 , 1478
1479 , 1479
1481 , 1474
1483 , 1483
1484 , 1484
1486 , 1484
1488 , 1475
1489 , 1484
1490 , 1484
1492 , 1484
1493 , 1475
1496 , 1475
1498 , 1475
1500 , 1475
1501 , 1475
1502 , 1475
1504 , 1504
1506 , 1506
1507 , 1507
1509 , 1509
1510 , 1510
1511 , 1511
1512 , 1512
1514 , 1514
1516 , 1510
1518 , 1510
1519 , 1510
1520 , 1510
1521 , 1521
1523 , 1523
1525 , 1510
1526 , 1510
1527 , 1527
1528 , 1528
1530 , 1511
1531 , 1531
1533 , 1533
1535 , 1535
1537 , 1537
1538 , 1538
1539 , 1539
1540 , 1540
1542 , 1542
1544 , 1544
1545 , 1545
1547 , 1538
1549 , 1538
1550 , 1538
1552 , 1538
1553 , 1538
1554 , 1554
1556 , 1556
1558 , 1538
1560 , 1560
1562 , 1562
1563 , 1563
1564 , 1564
1565 , 1565
1567 , 1567
1569 , 1569
1571 , 1564
1572 , 1572
1573 , 1564
1575 , 1564
1578 , 1578
1579 , 1564
1581 , 1581
1583 , 1583
1585 , 1585
1587 , 1572
1589 , 1578
1590 , 1572
1592 , 1572
1594 , 1572
1596 , 1572
1597 , 1597
1598 , 1572
1599 , 1572
1600 , 1600
1602 , 1602
1605 , 1605
1607 , 1607
1610 , 1610
1615 , 1597
1616 , 1597
1617 , 1617
1626 , 1626
1628 , 1628
1630 , 1630
1631 , 1631
1632 , 1632
1633 , 1633
1635 , 1635
1637 , 1637
1639 , 1631
1640 , 1631
1642 , 1631
1643 , 1643
1645 , 1631
1646 , 1631
1647 , 1647
1648 , 1631
1650 , 1631
1651 , 1631
1652 , 1652
1654 , 1654
1656 , 1656
1658 , 1658
1659 , 1659
1660 , 1660
1664 , 1643
1667 , 1667
1669 , 1659
1670 , 1643
1673 , 1643
1674 , 1643
1675 , 1643
1678 , 1643
1679 , 1643
1681 , 1643
1684 , 1643
1685 , 1643
1687 , 1687
1689 , 1689
1691 , 1667
1692 , 1692
1693 , 1667
1694 , 1667
1695 , 1695
1697 , 1659
1698 , 1659
1700 , 1659
1702 , 1692
1704 , 1704
1706 , 1706
1708 , 1708
1718 , 1695
1719 , 1695
1720 , 1695
1723 , 1692
1725 , 1695
1726 , 1692
1727 , 1695
1728 , 1695
1729 , 1695
1731 , 1692
1732 , 1732
1733 , 1695
1734 , 1734
1736 , 1692
1737 , 1737
1739 , 1739
1741 , 1741
1742 , 1742
1743 , 1743
1745 , 1734
1746 , 1734
1748 , 1748
1750 , 1750
1752 , 1752
1753 , 1753
1754 , 1754
1755 , 1755
1757 , 1757
1759 , 1759
1760 , 1760
1761 , 1761
1763 , 1763
1765 , 1765
1767 , 1767
1770 , 1761
1771 , 1761
1774 , 1761
1775 , 1761
1781 , 1761
1782 , 1761
1783 , 1761
1784 , 1761
1785 , 1761
1786 , 1761
1791 , 1761
1792 , 1761
1793 , 1761
1794 , 1761
1795 , 1795
1796 , 1796
1798 , 1761
1799 , 1799
1800 , 1761
1801 , 1761
1802 , 1761
1804 , 1804
1806 , 1806
1807 , 1807
1808 , 1808
1814 , 1814
1816 , 1816
1818 , 1818
1820 , 1808
1821 , 1821
1823 , 1808
1825 , 1808
1826 , 1826
1828 , 1808
1829 , 1829
1831 , 1831
1833 , 1833
1834 , 1834
1835 , 1835
1837 , 1837
1839 , 1839
1841 , 1841
1842 , 1842
1843 , 1843
1844 , 1844
1845 , 1845
1847 , 1847
1849 , 1849
1851 , 1842
1852 , 1852
1853 , 1853
1855 , 1842
1856 , 1842
1858 , 1842
1860 , 1860
1862 , 1862
1864 , 1864
1865 , 1865
1866 , 1866
1867 , 1867
1869 , 1852
1871 , 1871
1873 , 1873
1874 , 1874
1878 , 1878
1880 , 1880
1882 , 1882
1883 , 1883
1884 , 1884
1885 , 1885
1887 , 1883
1889 , 1889
1890 , 1890
1892 , 1892
1893 , 1893
1894 , 1894
1895 , 1895
1897 , 1897
1899 , 1899
1901 , 1884
1903 , 1903
1904 , 1904
1907 , 1895
1908 , 1895
1909 , 1909
1910 , 1895
1912 , 1912
1914 , 1914
1917 , 1917
1918 , 1918
1919 , 1919
1921 , 1921
1923 , 1923
1925 , 1925
1926 , 1926
1927 , 1927
1929 , 1929
1931 , 1931
1932 , 1932
1933 , 1933
1934 , 1934
1937 , 1932
1940 , 1940
1942 , 1942
1944 , 1932
1946 , 1946
1947 , 1932
1948 , 1932
1951 , 1932
1952 , 1932
1955 , 1932
1956 , 1932
1958 , 1932
1959 , 1959
1961 , 1932
1966 , 1932
1968 , 1932
1969 , 1969
1984 , 1984
1985 , 1985
1987 , 1987
1988 , 1988
1990 , 1990
1992 , 1992
1994 , 1994
1995 , 1995
1996 , 1996
1997 , 1997
1998 , 1998
2000 , 2000
2002 , 2002
2003 , 2003
2004 , 2004
2006 , 2006
2008 , 2008
2009 , 2009
2010 , 2010
2012 , 2012
2013 , 2013
2015 , 2015
2017 , 2017
2019 , 2009
2020 , 2020
2022 , 2009
2024 , 2009
2026 , 2009
2028 , 2009
2030 , 2009
2031 , 2009
2033 , 2009
2035 , 2009
2036 , 2009
2038 , 2038
2040 , 2040
2041 , 2041
2042 , 2042
2043 , 2043
2045 , 2045
2049 , 2020
2050 , 2020
2053 , 2053
2055 , 2055
2057 , 2057
2058 , 2058
2060 , 2053
2063 , 2053
2064 , 2053
2067 , 2058
2068 , 2058
2069 , 2058
2070 , 2058
2074 , 2074
2076 , 2076
2077 , 2077
2078 , 2078
2080 , 2080
2081 , 2081
2083 , 2083
2085 , 2085
2086 , 2086
2087 , 2087
2088 , 2088
2090 , 2090
2092 , 2092
2093 , 2093
2097 , 2086
2098 , 2098
2102 , 2087
2103 , 2086
2105 , 2105
2107 , 2107
2109 , 2109
2110 , 2110
2111 , 2111
2113 , 2113
2115 , 2115
2116 , 2116
2117 , 2117
2118 , 2118
2120 , 2120
2122 , 2122
2124 , 2124
2126 , 2126
2128 , 2128
2130 , 2130
2131 , 2131
2132 , 2132
2133 , 2133
2135 , 2135
2136 , 2136
2138 , 2138
2139 , 2139
2140 , 2140
2141 , 2141
2143 , 2141
2149 , 2149
2151 , 2151
2153 , 2153
2154 , 2141
2155 , 2155
2157 , 2141
2159 , 2132
2161 , 2132
2163 , 2132
2166 , 2166
2168 , 2168
2171 , 2171
2174 , 2174
2177 , 2177
2179 , 2179
2181 , 2181
2182 , 2182
2183 , 2183
2184 , 2184
2186 , 2186
2188 , 2188
2190 , 2190
2191 , 2191
2193 , 2193
2195 , 2195
2197 , 2197
2198 , 2198
2199 , 2199
2203 , 2203
2205 , 2205
2206 , 2206
2207 , 2207
2208 , 2208
2209 , 2209
2211 , 2211
2213 , 2213
2215 , 2215
2217 , 2217
2219 , 2219
2221 , 2221
2222 , 2222
2223 , 2223
2224 , 2224
2225 , 2225
2226 , 2226
2228 , 2228
2230 , 2230
2231 , 2231
2232 , 2232
2233 , 2233
2234 , 2234
2235 , 2235
2238 , 2238
2240 , 2240
2242 , 2242
2244 , 2244
2246 , 2246
2248 , 2248
2249 , 2249
2250 , 2250
2252 , 2252
2254 , 2254
2255 , 2255
2256 , 2256
2257 , 2257
2258 , 2258
2259 , 2259
2260 , 2260
2262 , 2262
2264 , 2264
2266 , 2266
2268 , 2268
2270 , 2270
2272 , 2272
2274 , 2274
2276 , 2276
2277 , 2277
2278 , 2278
2279 , 2279
2280 , 2280
2281 , 2281
2282 , 2282
2283 , 2283
2285 , 2285
2287 , 2287
2289 , 2289
2291 , 2291
2293 , 2293
2295 , 2295
2297 , 2297
2299 , 2299
2300 , 2300
2301 , 2301
2302 , 2302
2303 , 2303
2304 , 2304
2305 , 2305
2308 , 2308
2311 , 2311
2313 , 2313
2315 , 2315
2317 , 2317
2319 , 2319
2321 , 2321
2323 , 2323
2324 , 2324
2327 , 2327
2328 , 2328
2329 , 2329
2330 , 2330
2331 , 2331
2332 , 2332
2334 , 2334
2336 , 2336
2338 , 2338
2340 , 2340
2342 , 2342
2344 , 2344
2346 , 2346
2348 , 2348
2349 , 2349
2353 , 2349
2354 , 2349
2355 , 2349
2356 , 2356
2357 , 2357
2358 , 2358
2359 , 2359
2360 , 2360
2364 , 2349
2365 , 2349
2366 , 2349
2367 , 2367
2368 , 2368
2370 , 2370
2372 , 2372
2374 , 2374
2376 , 2376
2378 , 2378
2380 , 2380
2382 , 2382
2384 , 2384
2385 , 2385
2386 , 2386
2387 , 2387
2388 , 2388
2389 , 2389
2390 , 2390
2391 , 2391
2392 , 2392
2394 , 2389
2396 , 2396
2398 , 2398
2400 , 2400
2402 , 2402
2404 , 2404
2406 , 2406
2408 , 2408
2410 , 2410
2411 , 2411
2413 , 2413
2415 , 2415
2417 , 2417
2419 , 2419
2421 , 2411
2422 , 2422
2423 , 2423
2424 , 2411
2426 , 2426
2428 , 2428
2430 , 2430
2432 , 2432
2434 , 2434
2436 , 2436
2438 , 2438
2440 , 2440
2441 , 2441
2443 , 2443
2444 , 2444
2446 , 2446
2448 , 2448
2449 , 2449
2451 , 2451
2452 , 2452
2453 , 2453
2454 , 2454
2455 , 2455
2457 , 2457
2459 , 2459
2461 , 2461
2463 , 2463
2465 , 2465
2467 , 2467
2469 , 2469
2472 , 2472
2473 , 2473
2474 , 2474
2476 , 2476
2478 , 2478
2480 , 2480
2482 , 2482
2488 , 2488
2490 , 2490
2492 , 2492
2494 , 2494
2496 , 2496
2498 , 2498
2500 , 2500
2502 , 2502
2503 , 2503
2504 , 2504
2505 , 2505
2506 , 2506
2507 , 2507
2508 , 2508
2509 , 2509
2510 , 2510
2511 , 2511
2513 , 2513
2515 , 2515
2517 , 2517
2519 , 2519
2521 , 2521
2523 , 2523
2525 , 2525
2527 , 2527
2529 , 2529
2531 , 2531
2533 , 2533
2535 , 2535
2536 , 2536
2537 , 2537
2538 , 2538
2539 , 2539
2540 , 2540
2541 , 2541
2542 , 2542
2543 , 2543
2544 , 2544
2545 , 2545
2547 , 2547
2549 , 2549
2551 , 2551
2553 , 2553
2555 , 2555
2557 , 2557
2559 , 2559
2561 , 2561
2563 , 2563
2565 , 2565
2567 , 2567
2569 , 2569
2570 , 2570
2571 , 2571
2572 , 2572
2573 , 2573
2574 , 2574
2575 , 2575
2576 , 2576
2577 , 2577
2578 , 2578
2582 , 2582
2584 , 2584
2586 , 2586
2588 , 2588
2590 , 2590
2592 , 2592
2594 , 2594
2596 , 2596
2598 , 2598
2600 , 2600
2602 , 2602
2604 , 2604
2605 , 2605
2606 , 2606
2607 , 2607
2608 , 2608
2609 , 2609
2610 , 2610
2611 , 2611
2612 , 2612
2613 , 2613
2614 , 2614
2616 , 2616
2618 , 2618
2620 , 2620
2622 , 2622
2624 , 2624
2626 , 2626
2628 , 2628
2630 , 2630
2632 , 2632
2634 , 2634
2636 , 2636
2638 , 2638
2639 , 2639
2640 , 2640
2641 , 2641
2642 , 2642
2643 , 2643
2644 , 2644
2645 , 2645
2646 , 2646
2648 , 2643
2650 , 2650
2652 , 2652
2654 , 2654
2656 , 2656
2658 , 2658
2660 , 2660
2662 , 2662
2664 , 2664
2666 , 2666
2668 , 2668
2670 , 2670
2672 , 2672
2673 , 2673
2674 , 2674
2675 , 2675
2677 , 2677
2678 , 2678
2679 , 2679
2683 , 2677
2685 , 2677
2687 , 2687
2689 , 2689
2691 , 2691
2693 , 2693
2695 , 2695
2697 , 2697
2699 , 2699
2701 , 2701
2703 , 2703
2705 , 2705
2707 , 2707
2709 , 2709
2710 , 2710
2711 , 2711
2712 , 2712
2714 , 2714
2715 , 2715
2716 , 2716
2717 , 2717
2718 , 2718
2719 , 2719
2722 , 2722
2724 , 2724
2726 , 2726
2728 , 2728
2730 , 2730
2732 , 2732
2734 , 2734
2736 , 2736
2738 , 2738
2740 , 2740
2742 , 2742
2744 , 2744
2746 , 2746
2748 , 2748
2750 , 2750
2752 , 2752
2754 , 2754
2755 , 2755
2756 , 2756
2757 , 2757
2758 , 2758
2760 , 2760
2762 , 2762
2764 , 2764
2766 , 2766
2768 , 2768
2770 , 2770
2772 , 2772
2774 , 2774
2776 , 2776
2778 , 2778
2780 , 2780
2782 , 2782
2783 , 2783
2784 , 2784
2785 , 2785
2786 , 2786
2787 , 2787
2788 , 2788
2789 , 2789
2790 , 2790
2792 , 2792
2794 , 2794
2796 , 2796
2798 , 2798
2800 , 2800
2802 , 2802
2803 , 2803
2805 , 2805
2807 , 2807
2809 , 2809
2811 , 2811
2813 , 2813
2815 , 2815
2817 , 2817
2819 , 2819
2821 , 2821
2823 , 2823
2825 , 2825
2826 , 2826
2827 , 2827
2828 , 2828
2829 , 2829
